57868423
57868424
57868425
57868426
57868427
57868428
57868429
57868430
57868431
57868432
57868433
57868434
57868435
57868436
57868437
57868438
57868439
57868440
57868441
57868442
57868443
57868444
57868445
57868446
57868469
57868470
57868471
57868472
57868473
57868474
57868475
57868476
57868477
57868478
57868479
57868480
57868481
57868482
57868483
57868484
57868485
57868486
57868487
57868488
57868489
57868490
57868491
57868492
57868493
57868494
57868495
57868496
57868497
57868498
57868499
57868500
57868501
57868502
57868503
57868504
57868505
57868506
57868507
57868508
57868509
57868510
57868511
57868512
57868513
57868514
57868515
57868516
57868517
57868518
57868519
57868520
57868521
57868522
57868523
57868524
57868525
57868526
57868527
57868528
57868529
57868530
57868531
57868532
57868533
57868534
57868535
57868536
57868537
57868538
57868539
57868540
57868541
57868542
57868543
57868544
57868545
57868546
57868547
57868548
57868549
57868550
57868551
57868552
57868553
57868554
57868555
57868556
57868557
57868558
57868559
57868560
57868561
57868562
57868563
57868564
57868565
57868566
57868567
57868568
57868569
57868570
57868571
57868572
57868573
57868574
57868575
57868576
57868577
57868578
57868579
57868580
57868581
57868582
57868583
57868584
57868585
57868586
57868587
57868588
57868589
57868590
57868591
57868592
57868593
57868594
57868595
57868596
57868597
57868598
57868599
57868600
57868601
57868602
57868603
57868604
57868605
57868606
57868607
57868608
57868609
57868610
57868611
57868612
57868613
57868614
57868615
57868616
57868617
57868618
57868619
57868620
57868621
57868622
57868623
57868624
57868625
57868626
57868627
57868628
57868629
57868630
57868631
57868632
57868633
57868634
57868635
57868636
57868637
57868638
57868639
57868640
57868641
57868642
57868643
57868644
57868645
57868646
57868647
57868648
57868649
57868650
57868651
57868652
57868653
57868654
57868655
57868656
57868657
57868658
57868659
57868660
57868661
57868662
57868663
57868664
57868665
57868666
57868667
57868668
57868669
57868670
57868671
57868672
57868673
57868674
57868675
57868676
57868677
57868678
57868679
57868680
57868681
57868682
57868683
57868684
57868685
57868686
57868687
57868688
57868689
57868690
57868691
57868692
57868693
57868694
57868695
57868696
57868697
57868698
57868699
57868700
57868701
57868702
57868703
57868704
57868705
57868706
57868707
57868708
57868709
57868710
57868711
57868712
57868713
57868714
57868715
57868716
57868717
57868718
57868719
57868720
57868721
57868722
57868723
57868724
57868725
57868726
57868727
57868728
57868729
57868730
57868731
57868732
57868733
57868734
57868735
57868736
57868737
57868738
57868739
57868740
57868741
57868742
57868743
57868744
57868745
57868746
57868747
57868748
57868749
57868750
57868751
57868752
57868753
57868754
57868755
57868756
57868757
57868758
57868759
57868760
57868761
57868762
57868763
57868764
57868765
57868766
57868767
57868768
57868769
57868770
57868771
