
6413148
6411712
6413148
6411712
6401456
6368852
6336376
6302972
6293044
6162600
6141016
6089584
6087472
6077800
6075480
6066196
6013984
5988252
5893304
5877180
5793316
5711772
5646112
5624660
5610460
5610436
5609492
5557472
5473460
5205052
5190268
5190260
4971064
4852376
4268472
4256640
3953388
3881980
3664320
3663584
3633068
3590872
3567604
3319112
2976836
2744892
2560176
2513440
2439076
2353536
2161704
2156312
2050924
1994868
1983336
1945924
1898308
1506004
1313664
1313624
1241256
1111664
1079592
5721664
4086568
2156284
2063464
1495200
995772
561948
464536
450440
440104
437940
406560
370804
